gui_grey=22 46 39 65
gui_topline=1 0 38 38
gui_buttonred=40 0 61 22
gui_buttonred_over=63 0 84 22
gui_buttongrey=40 23 61 45
gui_buttongrey_over=63 23 84 45
gui_scroller_bg=1 63 18 79
gui_scroller_thumb=0 81 19 100
gui_button_grey=181 0 248 67
uparrow=0 39 19 59
downarrow=0 101 19 122
leftarrow=40 46 61 65
rightarrow=62 46 83 65
gui_scroller_h_back=20 66 39 85
gui_scroller_h_thumb=40 66 59 85
button_lt=85 0 100 15
button_t=101 0 116 15
button_rt=117 0 132 15
button_r=117 16 132 31
button_rb=117 32 132 47
button_b=101 32 116 47
button_lb=85 32 100 47
button_l=85 16 100 31
button_back=101 16 116 31
button_lt_over=133 0 148 15
button_t_over=149 0 164 15
button_rt_over=165 0 180 15
button_r_over=165 16 180 31
button_rb_over=165 32 180 47
button_b_over=148 32 164 47
button_lb_over=133 32 148 47
button_l_over=133 16 148 31
button_back_over=149 16 164 31
gui_red_back=374 0 511 291
gui_head=0 153 29 182
gui_head_over=0 123 29 152
ures=30 153 59 182
button overok OK=249 0 316 67
pipa=8 196 40 228
arrowthumbover1=20 86 39 105
arrowthumbover2=40 86 59 105
arrow01=84 87 103 108
arrow02=104 87 123 108
arrow03=135 88 156 107
arrow014=157 88 178 107
blackheader=84 48 122 86
leftheader=317 52 328 74
rightheader=357 52 368 74
leftheaderbox=317 80 328 91
rightheaderbox=357 80 368 91
leftbottomheaderbox=317 92 328 103
roghtbottomheaderbox=357 92 368 103
topheader=329 52 356 74
beackheaderbox=337 76 349 88
bottomheaderbox=330 92 355 103
alphaline=21 490 449 490
scrollredtop=4 246 25 255
scrollred=4 268 25 277
scrollredbottom=4 291 25 300
scrolllineback=4 306 25 315
scrolldownnew=4 369 25 392
scrollupnew=4 423 25 446
scrolldownnewover=33 369 54 392
scrollupnewover=33 423 54 446
scrollredtopover=33 246 54 255
scrollredbackover=33 268 54 277
scrollredbottomover=33 291 54 300
redbarronleft=317 115 328 145
redbarronright=357 115 368 145
redbarronrightbottom=357 146 368 157
redbarronleftbottom=317 146 328 157
redbarronbottom=329 146 356 157
redbarronbackground=329 115 356 144
blackbarronleftop=317 167 328 189
blackbarrontop=329 167 356 189
blackbarronrighttop=357 167 368 189
x9=177 145 190 158
x1=160 128 167 135
x2=176 128 192 135
x3=201 128 208 135
x4=201 144 208 160
x5=201 169 208 176
x6=176 169 192 176
x7=160 169 167 176
x8=160 144 167 160
3d1=324 233 332 241
3d2=338 233 346 241
3d3=353 233 361 241
3d4=353 247 361 255
3d5=353 262 361 270
3d6=339 262 347 270
3d7=324 262 332 270
3d8=324 247 332 255
gd1=67 390 72 395
gd2=75 390 80 395
gd3=85 390 90 395
gd4=85 401 90 406
gd5=85 411 90 416
gd6=75 411 80 416
gd7=67 411 72 416
gd8=67 401 72 406
gdBG=74 397 83 408
Nsroller01=71 221 74 224
Nsroller02=74 221 81 224
Nsroller03=81 221 84 224
Nsroller04=71 228 74 373
Nsroller05=74 228 81 373
Nsroller06=81 228 84 373
Nsroller07=71 379 74 382
Nsroller08=74 379 81 382
Nsroller09=81 379 84 382
Nbox01=114 302 119 307
Nbox02=122 302 127 307
Nbox03=130 302 135 307
Nbox04=114 310 119 474
Nbox05=122 310 127 474
Nbox6=130 310 135 474
Nbox07=114 477 119 482
Nbox08=122 477 127 482
Nbox09=130 477 135 482
newsrollerarrowup=87 222 99 232
newsrollerarrowdown=87 370 99 380
newsrollerarrowthumbup=87 291 99 296
newsrollerarrowthumb=87 298 99 309
newsrollerarrowthumbdown=87 311 99 316
chaticon=140 57 169 81
mailicon=46 186 85 216
lenyil=88 186 117 216
felnyil=120 186 149 216
jobbraniyl=104 220 148 271
balranyil=155 220 199 271
3d201=324 273 332 281
3d202=338 273 346 281
3d203=353 273 361 281
3d204=353 287 361 295
3d205=353 302 361 310
3d207=339 302 347 310
3d208=324 302 332 310
3d209=324 287 332 295
3d2BACK=333 282 352 301
box201=257 74 268 83
box202=268 74 297 83
box203=297 74 308 83
box204=297 83 308 116
box205=297 116 308 125
box207=268 116 297 125
box208=257 116 268 125
box209=257 83 268 116
box2back=268 83 297 116
xxthimb01=105 280 110 291
xxthimb02=111 280 122 291
xxthimb03=124 280 129 291
xxthimb04=88 339 98 350
xxthimb06=88 355 98 366
pushednew=233 133 300 200
dusablednew=233 210 300 277
boo1=60 422 70 433
boo2=72 422 84 433
boo3=60 435 70 446
boo4=72 435 84 446
higany=92 251 93 275
newbutt01=144 303 154 330
newbutt02=155 303 194 330
newbutt03=196 303 206 330
newbutt04=144 334 154 361
newbutt05=155 334 194 361
newbutt06=196 334 206 361
newbutt07=144 365 154 392
newbutt08=155 365 194 392
newbutt09=196 365 206 392
newbutt10=144 395 154 422
newbutt11=155 395 194 422
newbutt12=196 395 206 422

wh01=365 294 373 302
wh02=381 294 389 302
wh03=398 294 406 302
wh04=365 312 373 320
wh05=378 307 394 324
wh06=398 312 406 320
wh07=365 328 373 336
wh08=382 328 390 336
wh09=398 328 406 336
orange01=239 287 250 296
orange02=250 287 279 296
orange03=279 287 290 296
orange04=239 296 250 329
orange05=250 296 279 329
orange06=279 296 290 329
orange07=239 329 250 338
orange08=250 329 279 338
orange09=279 329 290 338
Ibox01=215 343 218 346
Ibox02=220 343 223 346
Ibox03=225 343 228 346
Ibox04=215 348 218 351
Ibox05=220 348 223 351
Ibox06=225 348 228 351
Ibox07=215 353 218 356
Ibox08=220 353 223 356
Ibox09=225 353 228 356
IboxO01=215 328 218 331
IboxO02=220 328 223 331
IboxO03=225 328 228 331
IboxO04=215 333 218 336
IboxO05=220 333 223 336
IboxO06=225 333 228 336
IboxO07=215 338 218 341
IboxO08=220 338 223 341
IboxO09=225 338 228 341
server=193 70 241 120
xx1=8 493 22 493
xx2=8 508 22 508
xx3=8 494 8 507
xxx4=22 494 22 507
nt01=317 348 328 370
nt02=328 348 357 370
nt03=357 348 368 370
nt04=317 370 328 388
nt05=328 370 357 388
nt06=357 370 368 388
nt07=317 388 328 399
nt08=328 388 356 399
nt09=357 388 368 399
