1=0 0 67 52
2=70 0 137 52
3=140 0 207 52
5=210 0 277 52
6=281 0 348 52
7=351 0 418 52
8=0 71 67 123
9=70 71 137 123
10=140 71 207 123
12=210 71 278 123
13=281 71 348 123
14=351 71 419 123
15=0 142 67 194
16=70 142 137 194
17=140 142 207 194
18=210 142 277 194
19=281 142 348 194
20=351 142 418 194
21=0 213 67 265
22=70 213 137 265
23=140 213 207 265
24=210 213 277 265
25=281 213 348 265
26=351 213 418 265
27=0 284 67 337
28=70 284 137 336
29=140 284 207 336
30=210 284 277 336
31=281 284 348 336
32=351 284 418 336
33=0 353 67 405
34=70 353 137 405
35=140 353 207 405
36=210 353 278 405
37=281 353 348 405
38=351 353 418 405
39=0 418 67 470
40=70 418 137 470
41=140 418 207 470
